0.0206
0.009
0.0113
0.0069
0.0059
0
0
0
0
0
0
0
0
0
0
0
0
0.005
0
0.005
0.0058
1.30865e-231
0.005
3.84578e-270
0.0028
0.005
0.0043
0.0017
0.0128
0.0033
0.0041
3.84579e-270
0.0084
0.0023
0.0028
1.30866e-231
0.0029
0.0053
0.0039
0.002
0.0128
0.0043
0.0024
3.84581e-270
0.0036
0.0056
0.0025
3.84582e-270
0.0057
3.52936e-310
1.13155e-311
0.0043
0.0028
0.002
0.0128
0.0017
0.0065
0.0027
0.0128
0.0035
0.0094
3.84584e-270
0.0022
0.0065
0.0042
0.002
0.0128
0.002
0.0079
0.0035
0.0065
1.3086e-231
0.0027
0.0025
0.0019
3.84564e-270
0.003
0.0034
0.0043
0.0107
0.0039
3.84564e-270
0.0034
0.0043
0.0065
0.0147
0.0054
0.0054
0.0128
0.0042
0.0057
0.0046
0.0077
0.0026
0.0032
3.52106e-310
0.0053
0.003
0.0078
0.0037
