0.007
0.0111
0.0059
0.006
0.0091
0
0
0
0.0028
3.84563e-270
0.0082
0.0066
0.0065
1.30856e-231
0.007
0.0111
0.0059
0.006
0.0091
1.30863e-231
0.007
0.0023
0.0019
1.30854e-231
0.0082
0.0053
0.0065
0.0036
0.0027
3.84569e-270
0.0084
0.0047
0.008
1.30851e-231
0.007
0.0111
0.0059
0.006
0.0091
1.30856e-231
0.0128
0.0072
0.0129
1.30857e-231
0.007
0.0111
0.0059
0.006
0.0091
0.0052
0.0077
1.30857e-231
0.0217
0.0065
0.0077
0.0046
0.0025
3.50982e-310
1.13155e-311
1.13155e-311
0.0082
0.0053
0.0065
0.0073
0.0027
3.51512e-310
1.13155e-311
1.13155e-311
0.0113
0.009
0.0092
3.51533e-310
0.0043
3.51596e-310
1.13155e-311
1.13155e-311
0.0051
3.51638e-310
1.13155e-311
0.0034
0.0079
3.51681e-310
1.13155e-311
0.0053
0.0047
3.51723e-310
1.13155e-311
1.13155e-311
0.0024
3.50407e-310
1.13155e-311
0.005
0.0068
3.5045e-310
1.13155e-311
1.13155e-311
0.0044
3.50492e-310
1.13155e-311
0.0043
