0.0082
0.0053
0.0065
0.0036
0.0027
0
0
0
0
0
0
0
0
0
0
0
0
0
0
0
0
0
0
0
0
0.0048
0.0299
1.30865e-231
0.0049
0.003
0.0128
0.0041
0.0082
0.0071
0.0051
0.0048
0.0128
0.0037
0.0034
0.0041
0.0029
3.8458e-270
0.0023
0.0028
0.0024
1.30866e-231
0.0045
0.0069
0.0124
3.52935e-310
1.13155e-311
0.0029
0.0067
0.002
0.0206
0.0017
0.0065
0.0027
0.0206
0.0022
0.0071
0.0058
0.0128
0.0023
0.003
0.0043
0.0029
0.0022
0.0128
0.0033
0.0051
0.0077
0.0046
3.84563e-270
0.0031
0.0036
0.0039
0.0037
0.0051
1.30861e-231
0.003
0.0081
0.0035
0.0051
1.13155e-311
0.0082
0.0082
0.0084
0.0056
0.0025
1.13155e-311
0.0034
0.0051
0.004
0.0051
0.003
0.0059
3.52084e-310
0.0044
0.0024
